browser, version, releaseDate, numOfVulnerabilities
firefox, 45.0, 8-Mar-16, 589
firefox, 46.0, 26-Apr-16, 580
firefox, 47.0, 7-Jun-16, 566
firefox, 48.0, 2-Aug-16, 542
firefox, 49.0, 20-Sep-16, 527
firefox, 50.0, 15-Nov-16, 497
firefox, 51.0, 24-Jan-17, 461
firefox, 52.0, 7-Mar-17, 431
firefox, 53.0, 19-Apr-17, 392
firefox, 54.0, 13-Jun-17, 362
firefox, 55.0, 8-Aug-17, 333
firefox, 56.0, 28-Sep-17, 316
firefox, 57.0, 14-Nov-17, 301
firefox, 58.0, 23-Jan-18, 267
firefox, 59.0, 13-Mar-18, 247
firefox, 60.0, 9-May-18, 217
firefox, 61.0, 26-Jun-18, 199
firefox, 62.0, 5-Sep-18, 191
firefox, 63.0, 23-Oct-18, 174
firefox, 64.0, 11-Dec-18, 163
firefox, 65.0, 29-Jan-19, 156
firefox, 66.0, 19-Mar-19, 136
firefox, 67.0, 21-May-19, 113
firefox, 68.0, 9-Jul-19, 90
firefox, 69.0, 3-Sep-19, 69
firefox, 70.0, 22-Oct-19, 58
firefox, 71.0, 3-Dec-19, 48
firefox, 72.0, 7-Jan-20, 37
firefox, 73.0, 11-Feb-20, 30
firefox, 74.0, 10-Mar-20, 19
firefox, 75.0, 7-Apr-20, 11
chrome, 49.0.2623, 2-Mar-16, 919
chrome, 50.0.2661, 13-Apr-16, 901
chrome, 51.0.2704, 25-May-16, 864
chrome, 52.0.2743, 20-Jul-16, 838
chrome, 53.0.2785, 31-Aug-16, 807
chrome, 54.0.2840, 12-Oct-16, 784
chrome, 55.0.2883, 1-Dec-16, 751
chrome, 56.0.2924, 25-Jan-17, 727
chrome, 57.0.2987, 9-Mar-17, 725
chrome, 58.0.3029, 19-Apr-17, 697
chrome, 59.0.3071, 5-Jun-17, 685
chrome, 60.0.3112, 25-Jul-17, 666
chrome, 61.0.3163.79, 5-Sep-17, 636
chrome, 62.0.3202.62, 17-Oct-17, 609
chrome, 63.0.3239.84, 6-Dec-17, 583
chrome, 64.0.3282.119, 24-Jan-18, 557
chrome, 65.0.3325.146, 6-Mar-18, 531
chrome, 66.0.3359.117, 17-Apr-18, 494
chrome, 67.0.3396.62, 29-May-18, 468
chrome, 68.0.3440.75, 24-Jul-18, 436
chrome, 69.0.3497.92, 4-Sep-18, 409
chrome, 70.0.3538.67, 16-Oct-18, 392
chrome, 71.0.3578.80, 4-Dec-18, 357
chrome, 72.0.3626.109, 29-Jan-19, 322
chrome, 73.0.3683.86, 12-Mar-19, 299
chrome, 74.0.3729.131, 23-Apr-19, 275
chrome, 75.0.3770.80, 4-Jun-19, 260
chrome, 76.0.3809.87, 30-Jul-19, 241
chrome, 77.0.3865.75, 10-Sep-19, 198
chrome, 78.0.3904.70, 22-Oct-19, 168
chrome, 79.0.3945.79, 10-Dec-19, 126
chrome, 80.0.3987.132, 4-Feb-20, 77
chrome, 81.0.4044.129, 7-Apr-20, 34
