browser, majorVersion, detailedVersion, releaseDate, numberOfVulerabilities, numberOfFeatures, fingerprintApis, addedFeatures, removedFeatures
chrome, 49, 49.0.2623, 2-Mar-16, 919, 8119, 139, 0, 0
chrome, 50, 50.0.2661, 13-Apr-16, 901, 6010, 140, 57, 2166
chrome, 51, 51.0.2704, 25-May-16, 864, 6053, 141, 68, 25
chrome, 52, 52.0.2743, 20-Jul-16, 838, 6122, 141, 127, 58
chrome, 53, 53.0.2785, 31-Aug-16, 807, 6156, 141, 44, 10
chrome, 54, 54.0.2840, 12-Oct-16, 784, 6208, 141, 70, 18
chrome, 55, 55.0.2883, 1-Dec-16, 751, 6246, 141, 92, 54
chrome, 56, 56.0.2924, 25-Jan-17, 727, 6807, 257, 732, 171
chrome, 57, 57.0.2987, 9-Mar-17, 725, 6987, 259, 259, 79
chrome, 58, 58.0.3029, 19-Apr-17, 697, 7005, 259, 38, 20
chrome, 59, 59.0.3071, 5-Jun-17, 685, 7068, 259, 112, 49
chrome, 60, 60.0.3112, 25-Jul-17, 666, 7197, 259, 142, 13
chrome, 61, 61.0.3163.79, 5-Sep-17, 636, 7473, 268, 343, 67
chrome, 62, 62.0.3202.62, 17-Oct-17, 609, 7484, 268, 20, 9
chrome, 63, 63.0.3239.84, 6-Dec-17, 583, 7503, 269, 22, 3
chrome, 64, 64.0.3282.119, 24-Jan-18, 557, 7494, 269, 46, 55
chrome, 65, 65.0.3325.146, 6-Mar-18, 531, 7523, 270, 33, 4
chrome, 66, 66.0.3359.117, 17-Apr-18, 494, 7788, 270, 596, 331
chrome, 67, 67.0.3396.62, 29-May-18, 468, 7944, 270, 156, 0
chrome, 68, 68.0.3440.75, 24-Jul-18, 436, 8002, 270, 162, 104
chrome, 69, 69.0.3497.92, 4-Sep-18, 409, 8716, 271, 767, 53
chrome, 70, 70.0.3538.67, 16-Oct-18, 392, 8424, 272, 189, 481
chrome, 71, 71.0.3578.80, 4-Dec-18, 357, 8479, 272, 74, 19
chrome, 72, 72.0.3626.109, 29-Jan-19, 322, 8511, 272, 61, 29
chrome, 73, 73.0.3683.86, 12-Mar-19, 299, 8551, 272, 54, 14
chrome, 74, 74.0.3729.131, 23-Apr-19, 275, 8669, 272, 126, 8
chrome, 75, 75.0.3770.80, 4-Jun-19, 260, 8745, 272, 76, 0
chrome, 76, 76.0.3809.87, 30-Jul-19, 241, 8804, 272, 107, 48
chrome, 77, 77.0.3865.75, 10-Sep-19, 198, 8905, 272, 108, 7
chrome, 78, 78.0.3904.70, 22-Oct-19, 168, 11678, 272, 2778, 5
chrome, 79, 79.0.3945.79, 10-Dec-19, 126, 11908, 274, 238, 8
chrome, 80, 80.0.3987.132, 4-Feb-20, 77, 11946, 274, 52, 14
chrome, 81, 81.0.4044.129, 7-Apr-20, 34, 12170, 274, 236, 12
firefox, 45, 45.0, 8-Mar-16, 589, 5030, 147, 0, 0
firefox, 46, 46.0, 26-Apr-16, 580, 5057, 147, 29, 2
firefox, 47, 47.0, 7-Jun-16, 566, 5067, 147, 13, 3
firefox, 48, 48.0, 2-Aug-16, 542, 5055, 148, 61, 73
firefox, 49, 49.0, 20-Sep-16, 527, 5268, 157, 233, 20
firefox, 50, 50.0, 15-Nov-16, 497, 5436, 157, 187, 19
firefox, 51, 51.0, 24-Jan-17, 461, 5735, 264, 304, 5
firefox, 52, 52.0, 7-Mar-17, 431, 5828, 263, 112, 19
firefox, 53, 53.0, 19-Apr-17, 392, 5853, 273, 142, 117
firefox, 54, 54.0, 13-Jun-17, 362, 5856, 273, 9, 6
firefox, 55, 55.0, 8-Aug-17, 333, 5958, 275, 157, 55
firefox, 56, 56.0, 28-Sep-17, 316, 5960, 275, 20, 18
firefox, 57, 57.0, 14-Nov-17, 301, 5991, 275, 36, 5
firefox, 58, 58.0, 23-Jan-18, 267, 5991, 275, 25, 25
firefox, 59, 59.0, 13-Mar-18, 247, 5964, 276, 95, 122
firefox, 60, 60.0, 9-May-18, 217, 5990, 276, 45, 19
firefox, 61, 61.0, 26-Jun-18, 199, 5994, 276, 30, 26
firefox, 62, 62.0, 5-Sep-18, 191, 5987, 276, 29, 36
firefox, 63, 63.0, 23-Oct-18, 174, 6069, 276, 94, 12
firefox, 64, 64.0, 11-Dec-18, 163, 6080, 276, 17, 6
firefox, 65, 65.0, 29-Jan-19, 156, 6123, 276, 44, 1
firefox, 66, 66.0, 19-Mar-19, 136, 6171, 276, 82, 34
firefox, 67, 67.0, 21-May-19, 113, 6173, 276, 33, 31
firefox, 68, 68.0, 9-Jul-19, 90, 6207, 276, 105, 71
firefox, 69, 69.0, 3-Sep-19, 69, 6245, 276, 130, 92
firefox, 70, 70.0, 22-Oct-19, 58, 6256, 276, 44, 33
firefox, 71, 71.0, 3-Dec-19, 48, 6332, 276, 192, 116
firefox, 72, 72.0, 7-Jan-20, 37, 6361, 271, 92, 63
firefox, 73, 73.0, 11-Feb-20, 30, 6364, 271, 14, 11
firefox, 74, 74.0, 10-Mar-20, 19, 6333, 271, 30, 61
firefox, 75, 75.0, 7-Apr-20, 11, 6370, 271, 92, 55